## proje 1

 [22,27,16,2,18,6]→insertion sort

 1-[22,27,16,2,18,6]→[2,22,27,16,18,6]→[2,6,22,27,16,18] →[2,6,16,22,27,18]→[2,6,16,18,22,27]

 2-n^2

 3-

 4-worst case

 5-[7,3,5,8,2,9,4,15,6]→[2,7,3,5,8,9,4,15,6]→[2,3,7,5,8,9,4,15,6]→[2,3,4,7,5,8,9,15,6→[2,3,4,5,8,9,15,6]

- proje 2

[16,21,11,8,12,22]→merge sort

  1-[16,21,11] - [8,12,22]

[16,21] [11] - [8,12][22]

[16][21][11][8][12][22]

[16,21][11][8,12][22]

[11,16,21][8,12,22]

[8,11,12,16,21,22]

2-nlogn


- pivot olarak 4 seçelim
    
                                    [4]
    
              [1]                                        [7]
    
    [0]                [3]                  [5]                      [8]
    
                  [2]                             [6]                       [9]
    
    [0,1,2,3,4,5,6,7,8,9]
